WBAN,Date,Time,StationType,SkyCondition,SkyConditionFlag,Visibility,VisibilityFlag,WeatherType,WeatherTypeFlag,DryBulbFarenheit,DryBulbFarenheitFlag,DryBulbCelsius,DryBulbCelsiusFlag,WetBulbFarenheit,WetBulbFarenheitFlag,WetBulbCelsius,WetBulbCelsiusFlag,DewPointFarenheit,DewPointFarenheitFlag,DewPointCelsius,DewPointCelsiusFlag,RelativeHumidity,RelativeHumidityFlag,WindSpeed,WindSpeedFlag,WindDirection,WindDirectionFlag,ValueForWindCharacter,ValueForWindCharacterFlag,StationPressure,StationPressureFlag,PressureTendency,PressureTendencyFlag,PressureChange,PressureChangeFlag,SeaLevelPressure,SeaLevelPressureFlag,RecordType,RecordTypeFlag,HourlyPrecip,HourlyPrecipFlag,Altimeter,AltimeterFlag
00102,20150501,0501,0,CLR, ,10.00, , , ,17, ,-8.3, ,17, ,-8.4, ,16, ,-8.9, , 96, , 0, ,000, , , ,29.74, , , , , ,30.05, ,AA, , 0.5, ,29.92, 
00102,20150501,0701,0,CLR, ,10.00, , , ,21, ,-6.1, ,20, ,-6.4, ,19, ,-7.2, , 92, , 0, ,000, , , ,29.76, , , , , ,30.06, ,AA, , 0.1, ,29.94, 
00102,20150501,0801,0,CLR, ,10.00, , , ,29, ,-1.7, ,27, ,-2.8, ,23, ,-5.0, , 78, , 0, ,000, , , ,29.76, , , , , ,30.07, ,AA, , 0.2, ,29.94, 
00102,20150502,1901,0,OVC065, ,10.00, , , ,36, ,2.2, ,33, ,0.3, ,27, ,-2.8, , 70, ,10, ,200, , , ,30.03, , , , , ,30.35, ,AA, , , ,30.21, 
00102,20150508,1228,0,BKN025 OVC034, , 9.00, ,-RA, ,46, ,8.0, ,42, ,5.5, ,37, ,3.0, , 71, , 0, ,000, , , ,29.56, , , , , ,M, ,AA, ,  T, ,29.74, 
00103,20150508,1301,0,BKN025 OVC034, ,10.00, , , ,48, ,8.9, ,44, ,6.5, ,39, ,3.9, , 71, , 8, ,260, , , ,29.56, , , , , ,29.86, ,AA, ,0.1,  T, ,29.74, 
002011,20150508,1228,0,BKN025 OVC034, , 9.00, ,-RA, ,46, ,8.0, ,42, ,5.5, ,37, ,3.0, , 71, , 0, ,000, , , ,29.56, , , , , ,M, ,AA, ,  1.2, ,29.74, 
001028,20150508,1301,0,BKN025 OVC034, ,10.00, , , ,48, ,8.9, ,44, ,6.5, ,39, ,3.9, , 71, , 8, ,260, , , ,29.56, , , , , ,29.86, ,AA, ,0.6,  T, ,29.74,

001029,20150501,0501,0,CLR, ,10.00, , , ,17, ,-8.3, ,17, ,-8.4, ,16, ,-8.9, , 96, , 0, ,000, , , ,29.74, , , , , ,30.05, ,AA, , , ,29.92, 
001030,20150501,0701,0,CLR, ,10.00, , , ,21, ,-6.1, ,20, ,-6.4, ,19, ,-7.2, , 92, , 0, ,000, , , ,29.76, , , , , ,30.06, ,AA, , 0.1, ,29.94, 
001031,20150501,0801,0,CLR, ,10.00, , , ,29, ,-1.7, ,27, ,-2.8, ,23, ,-5.0, , 78, , 0, ,000, , , ,29.76, , , , , ,30.07, ,AA, , 0.2, ,29.94, 
001032,20150502,1901,0,OVC065, ,10.00, , , ,36, ,2.2, ,33, ,0.3, ,27, ,-2.8, , 70, ,10, ,200, , , ,30.03, , , , , ,30.35, ,AA, , , ,30.21, 
001033,20150508,1228,0,BKN025 OVC034, , 9.00, ,-RA, ,46, ,8.0, ,42, ,5.5, ,37, ,3.0, , 71, , 0, ,000, , , ,29.56, , , , , ,M, ,AA, ,  T, ,29.74, 
001034,20150508,1301,0,BKN025 OVC034, ,10.00, , , ,48, ,8.9, ,44, ,6.5, ,39, ,3.9, , 71, , 8, ,260, , , ,29.56, , , , , ,29.86, ,AA, ,0.9,  T, ,29.74, 
001035,20150508,1228,0,BKN025 OVC034, , 9.00, ,-RA, ,46, ,8.0, ,42, ,5.5, ,37, ,3.0, , 71, , 0, ,000, , , ,29.56, , , , , ,M, ,AA, ,  1.1, ,29.74, 
001036,20150508,1301,0,BKN025 OVC034, ,10.00, , , ,48, ,8.9, ,44, ,6.5, ,39, ,3.9, , 71, , 8, ,260, , , ,29.56, , , , , ,29.86, ,AA, ,1.6,  T, ,29.74,
001037,20150508,1301,0,BKN025 OVC034, ,10.00, , , ,48, ,8.9, ,44, ,6.5, ,39, ,3.9, , 71, , 8, ,260, , , ,29.56, , , , , ,29.86, ,AA, , ,  T, ,29.74,